Namespace(class_idx=4, complexity='0.01,0.1,1.0,10.0', data='./feature/DEEPCP.POSE.func.indiv.nan.delta.h5', error_file=None, feat_select=True, feature_analysis=False, fs_by_rf=False, fs_by_valid=False, ignore_idx=None, log_file='./output/svmrank.pose.fs.txt', max_feat=30, pairwise=True, rf_n_estimator=100, spearmanr=False, test_idx='0', train_idx=None, valid_idx='1', window_idx=3)
Pairwise transform
selected feature by correlation
feature : [ 0.98284309  0.97000213  0.98426285  0.96812525  0.98347998  0.96897153
  0.98403857  0.97834178  0.98910054  0.97139239  0.98716686  0.97560173
  0.98783359  0.97362386  0.98354798  0.99592253  0.9873537   0.959931
  0.99169941  0.96081915  0.98983385  0.96039843  0.97493774  0.99461986
  0.98082028  0.9548005   0.97461199  0.95585208  0.97958835  0.9545601
  0.96559396  0.97822253  0.99998889  0.97110971  0.99845331  0.96898931
  0.99994445  0.97104395  0.99249952  0.9829734   0.9997945   0.97763626
  0.99371089  0.98272615  0.99648727  0.9813244   0.98579368  0.98093335
  0.98623806  0.96044742  0.96592069  0.95520439  0.97503202  0.95766662
  0.95402234  0.97391823  0.99916936  0.97649957  0.98686147  0.98831322
  0.99495905  0.98279183  0.9936987   0.95402793  0.98832474  0.97195168
  0.98149664  0.96983143  0.98281415  0.97225534  0.99672005  0.94147131
  0.98993171  0.96088932  0.97468422  0.96379019  0.98330779  0.96220075
  0.95354886  0.98659105  0.95073395  0.94825426  0.95486734  0.94158984
  0.95296405  0.9461497   0.94905555  0.96889878  0.933649    0.93806388
  0.93621212  0.9457613   0.93600705  0.94307195  0.92528243  0.99129765
  0.98119122  0.97355563  0.99913888  0.97527317  0.99089502  0.9749843
  0.95092964  0.98155286  0.98634287  0.99532776  0.98562626  0.99486845
  0.98597542  0.9952494   0.98595415  0.99296201  0.98546449  0.96412396
  0.9869227   0.96330163  0.98562689  0.9639995   0.95710491  0.96919371
  0.97476496  0.96215083  0.97153087  0.96334215  0.97350328  0.96293031
  0.95409118  0.97401786         nan         nan         nan         nan
         nan         nan         nan         nan  0.98184815  0.97878741
  0.96440017  0.99994389  0.96435042  0.98399522         nan  0.96859647
  0.96854576  0.97243524  0.95554458  0.95575701  0.95554458  0.96588464
         nan  0.96858085  0.97433151  0.99992173  0.98184815  0.99184901
  0.96858477  0.99212683         nan  0.98803024  1.          0.97760524
  0.93363715  0.99231153  0.94554444  0.98802684         nan  0.93860901
  0.95554458  0.99977055  0.93712273  0.93713833  0.95782448  0.97417857
         nan  0.94869701  0.95554458  0.93712273  0.98316623  0.97430602
  0.97432726  0.9999688          nan  0.95215977  0.94554444  0.97878741
  0.95551151  0.98181213  0.95554458  0.9999688          nan  0.96854967
         nan  0.99991179  0.96858085         nan         nan  0.96845617
         nan  0.98188416         nan         nan         nan         nan
         nan         nan         nan         nan  0.94552642  0.97878741
         nan  0.92658966  0.95554458  0.98810107         nan  0.92971677
         nan         nan         nan  0.98181213         nan         nan
         nan  0.95784401         nan         nan         nan         nan
         nan         nan         nan         nan         nan  0.97411472
         nan  0.94544939         nan  0.92290529         nan  0.99989164
         nan  0.99986772  0.96845617  0.99991179         nan  0.99991179
         nan         nan         nan  0.9167134          nan  0.90571645
  0.96858085  0.9332242          nan         nan         nan  0.93710714
         nan  0.94547241  0.96858085  0.93710714         nan         nan
         nan         nan         nan         nan         nan         nan
         nan         nan  0.98046991  0.94687618  0.9747757   0.94708009
  0.98397523  0.94749697  0.94898391  0.94752286  0.94636283  0.95234777
  0.94538991  0.95684071  0.94606547  0.9544138   0.93632745  0.93827907
  0.98638645  0.96157005  0.97895122  0.96250976  0.98278882  0.96052159
  0.97849795  0.97617724  0.96863707  0.95702371  0.98815226  0.95382327
  0.97809359  0.94979235  0.96105712  0.99872169  0.97377755  0.97899935
  0.98042253  0.97508812  0.9779677   0.97426814  0.99526477  0.94652861
  0.96242487  0.96868474  0.96498598  0.97212891  0.95922037  0.97358195
  0.9628894   0.95817737  0.99711952  0.94677362  0.98264259  0.9428078
  0.99149021  0.9419518   0.97690828  0.95359828  0.95822264  0.96279913
  0.99607218  0.95661458  0.97272253  0.95685887  0.98813823  0.99328112
  0.97862958  0.94206095  0.96038128  0.95503007  0.96663552  0.94951639
  0.90639092  0.9758585   0.99831338  0.95298452  0.99948741  0.9526096
  0.99161026  0.95278668  0.98813907  0.96219644  0.98523427  0.96331987
  0.99525801  0.97595443  0.98870505  0.9749037   0.99277964  0.95550306
  0.96303008  0.99227163  0.98499444  0.99413832  0.97678169  0.99550456
  0.99857121  0.99219447  0.9704821   0.95684447  0.97966791  0.96563942
  0.96880155  0.96115777  0.99393853  0.99046243  0.96991898  0.9828717
  0.97000648  0.98582366  0.96929603  0.98362057  0.97716408  0.96213667
  0.92741765  0.95937792  0.92719724  0.96032196  0.92758944  0.96024461
  0.94316316  0.9828811   0.98456811  0.96793836  0.98523655  0.97279641
  0.98171209  0.97120095  0.95784458  0.97794832         nan         nan
         nan         nan         nan         nan         nan         nan
  0.98296718  0.96854199  0.99177209  0.96856973  0.98708391  0.96870289
  0.95747343  0.93589113  0.97118846  0.96848096  0.97400137  0.9706059
  0.97158792  0.96931318  0.95294059  0.91955182  0.99015203  0.99303152
  0.9962439   0.98847649  0.99412451  0.99110077  0.99021861  0.96585668
  0.99231581  0.99881824  0.99891811  0.99829672  0.99765313  0.99960053
  0.98148028  0.98204619  0.97549382  0.99282624  0.9791445   0.98853197
  0.97741348  0.9905515   0.98762763  0.98554707  0.97973261  0.98988017
  0.97992125  0.98678431  0.97850647  0.98842656  0.99105083  0.98672883
  0.99232691  0.97578787  0.98935865  0.97714162  0.99491789  0.97674216
  0.9876942   0.96758216  0.99022971  0.99891256  0.97028411  0.99788615
  0.97970487  0.99976143  0.96614519  0.97832893  0.98363048  0.96862602
  0.9709455   0.97562327  0.97750995  0.97172235  0.95643489  0.9890794
  0.99697071  0.97902799  0.99623835  0.97861188  0.99779738  0.97823461
  0.99708722  0.98477588  0.98004885  0.99778074  0.97468934  0.9941578
  0.97613186  0.99942299  0.99344763  0.97932204  0.99487753  0.99958376
  0.98782374  0.99398599  0.99122022  0.99674782  0.98306756  0.95574034
  0.97006773  0.99619397  0.97712498  0.98828786  0.97207061  0.99242123
  0.99276521  0.96545722  0.97328011  0.9226144   0.97192636  0.92063926
  0.97288064  0.92155471  0.98500888  0.94946745  0.98015427  0.99563915
  0.98146918  0.99529517  0.98068689  0.99540613  0.98049812  0.99493454
  0.95698985  0.95423237  0.96011908  0.95310052  0.95889291  0.95380515
  0.94977979  0.98095836         nan         nan         nan         nan
         nan         nan         nan         nan]
selected feature dim: 30
selected feature indice: [251 342 249 423 515 517 513 237  94 211 386 384 388 215 253 162  88 415
  92  90 286 257 261 177 170 171  89 287 167  71]
Complexity 0.010, performance of ranking on training data: tau_d: 0.373, prob_cm: [[ 0.6284585  0.3715415]
 [ 0.375      0.625    ]]
Complexity 0.010, performance of ranking on validataion data: tau_d: 0.388, prob_cm: [[ 0.64150943  0.35849057]
 [ 0.42        0.58      ]]
Complexity 0.100, performance of ranking on training data: tau_d: 0.436, prob_cm: [[ 0.56521739  0.43478261]
 [ 0.43650794  0.56349206]]
Complexity 0.100, performance of ranking on validataion data: tau_d: 0.476, prob_cm: [[ 0.54716981  0.45283019]
 [ 0.5         0.5       ]]
Complexity 1.000, performance of ranking on training data: tau_d: 0.447, prob_cm: [[ 0.53162055  0.46837945]
 [ 0.42460317  0.57539683]]
Complexity 1.000, performance of ranking on validataion data: tau_d: 0.456, prob_cm: [[ 0.52830189  0.47169811]
 [ 0.44        0.56      ]]
Complexity 10.000, performance of ranking on training data: tau_d: 0.529, prob_cm: [[ 0.47628458  0.52371542]
 [ 0.53373016  0.46626984]]
Complexity 10.000, performance of ranking on validataion data: tau_d: 0.534, prob_cm: [[ 0.38679245  0.61320755]
 [ 0.45        0.55      ]]
validation: best complexity: 0.010 and its performance: 0.388, prob_cm: [[ 0.64150943  0.35849057]
 [ 0.42        0.58      ]]
performance of ranking on testing data: tau_d: 0.607, prob_cm: [[ 0.35483871  0.64516129]
 [ 0.56666667  0.43333333]]
